0 0 0
0.1969615506024416 0.034202014332566866 0.03333333333333333
0.3758770483143634 0.12855752193730788 0.06666666666666667
0.5196152422706632 0.25980762113533157 0.1
0.6128355544951825 0.39392310120488316 0.13333333333333333
0.6427876096865394 0.49240387650610407 0.16666666666666666
0.6000000000000001 0.5196152422706632 0.2
0.47882820065593634 0.4499513267805776 0.23333333333333334
0.2778370842670887 0.2736161146605351 0.26666666666666666
1.1021821192326179e-16 1.1021821192326179e-16 0.3
-0.3472963553338606 -0.34202014332566866 0.3333333333333333
-0.7524443153164713 -0.7070663706551934 0.36666666666666664
-1.1999999999999995 -1.039230484541326 0.4
-1.6712477851850025 -1.2802500789158706 0.43333333333333335
-2.144924440733138 -1.3787308542170913 0.4666666666666667
-2.598076211353316 -1.299038105676658 0.5
-3.007016386514907 -1.0284601754984635 0.5333333333333333
-3.348346360241507 -0.5814342436536366 0.5666666666666667
-3.6 -4.4087284769304716e-16 0.6
-3.7422694614463903 0.6498382723187709 0.6333333333333333
-3.7587704831436337 1.2855752193730785 0.6666666666666666
-3.637306695894642 1.8186533479473217 0.7
-3.370595549723504 2.1665770566268576 0.7333333333333333
-2.9568230045580814 2.2650578319280785 0.7666666666666667
-2.400000000000002 2.0784609690826543 0.8
-1.7101007166283468 1.6069690242163512 0.8333333333333334
-0.9029705238680378 0.8892523726467385 0.8666666666666667
-9.919639073093561e-16 9.919639073093561e-16 0.9
0.9724297949348077 -0.9576564013118704 0.9333333333333333
1.9837168312888753 -1.8640840680909612 0.9666666666666667
3.000000000000001 -2.5980762113533165 1
3.9852831800565434 -3.052904034337845 1.0333333333333334
4.902684435961458 -3.151384809639066 1.0666666666666667
5.715767664977293 -2.857883832488649 1.1
6.389909821344177 -2.185477872934233 1.1333333333333333
6.893654271085455 -1.1970705016398466 1.1666666666666667
7.2 -1.7634913907721887e-15 1.2
7.2875773722903405 1.2654745303049713 1.2333333333333334
7.1416639179729025 2.442592916808851 1.2666666666666666
6.754998149518625 3.3774990747593074 1.3
6.128355544951825 3.9392310120488316 1.3333333333333333
5.270858399429624 4.037711787350053 1.3666666666666667
4.1999999999999975 3.637306695894641 1.4
2.9413732326007573 2.7639867216521243 1.4333333333333333
1.528103963468988 1.5048886306329432 1.4666666666666666
2.7554552980815448e-15 2.7554552980815448e-15 1.5
-1.5975632345357547 -1.5732926592980716 1.5333333333333334
-3.21498934726128 -3.02110176552673 1.5666666666666667
-4.799999999999993 -4.1569219381653015 1.6
-6.299318574928077 -4.825557989759818 1.6333333333333333
-7.660444431189772 -4.924038765061043 1.6666666666666667
-8.833459118601276 -4.416729559300636 1.7
-9.772803256173448 -3.342495570370005 1.7333333333333334
-10.438962181929405 -1.8127067596260455 1.7666666666666666
-10.8 -3.9678556292374245e-15 1.8
-10.832885283134289 1.8811107882911717 1.8333333333333333
-10.524557352802177 3.599610614244613 1.8666666666666667
-9.872689603142597 4.9363448015713045 1.9
-8.886115540180153 5.711884967470804 1.9333333333333333
-7.584893794301161 5.810365742772027 1.9666666666666666
-5.999999999999998 5.19615242270663 2
-4.172645748573159 3.9210044190878905 2.033333333333333
-2.153237403069939 2.120524888619149 2.066666666666667
-5.400692384239827e-15 5.400692384239827e-15 2.1
2.2226966741367007 -2.1889289172842723 2.1333333333333333
4.446261863233683 -4.178119462962497 2.1666666666666665
6.599999999999988 -5.715767664977288 2.2
8.613353969799615 -6.598211945181791 2.2333333333333334
10.418204426418104 -6.696692720483013 2.2666666666666666
11.951150572225254 -5.975575286112626 2.3
13.155696691002708 -4.499513267805796 2.3333333333333335
13.984270092773354 -2.4283430176122516 2.3666666666666667
14.4 -7.053965563088755e-15 2.4
14.378193193978236 2.4967470462773966 2.433333333333333
13.907450787631449 4.756628311680381 2.466666666666667
12.990381056766587 6.495190528383281 2.5
11.64387553540846 7.484538922892781 2.533333333333333
9.898929189172703 7.583019698194002 2.566666666666667
7.800000000000022 6.754998149518634 2.6
5.403918264545569 5.0780221165236625 2.6333333333333333
2.778370842670891 2.736161146605355 2.6666666666666665
3.7704655964068264e-14 3.7704655964068264e-14 2.7
-2.847830113737645 -2.8045651752704717 2.7333333333333334
-5.677534379206087 -5.335137160398265 2.7666666666666666
-8.40000000000001 -7.274613391789291 2.8
-10.92738936467115 -8.370865900603764 2.8333333333333335
-13.175964421646404 -8.469346675904994 2.8666666666666667
-15.06884202584923 -7.534421012924615 2.9
-16.538590125831988 -5.65653096524155 2.933333333333333
-17.5295780036173 -3.0439792755984882 2.966666666666667
-18 -1.1021821192326179e-14 3
-17.92350110482219 3.1123833042635716 3.033333333333333
-17.29034422246072 5.913646009116148 3.066666666666667
-16.10807251039057 8.05403625519527 3.1
-14.401635530636804 9.257192878314752 3.1333333333333333
-12.212964584044272 9.355673653615982 3.1666666666666665
-9.60000000000003 8.313843876330628 3.2
-6.63519078051801 6.235039813959461 3.2333333333333334
-3.403504282271878 3.351797404591595 3.2666666666666666
2.183546177741028e-14 -2.183546177741028e-14 3.3
3.4729635533385546 -3.4202014332566373 3.3333333333333335
6.908806895178454 -6.492154857834002 3.3666666666666667
10.200000000000008 -8.83345911860128 3.4
13.241424759542717 -10.143519856025746 3.433333333333333
15.933724416874746 -10.242000631326963 3.466666666666667
18.186533479473212 -9.093266739736608 3.5
19.921483560661255 -6.813548662677323 3.533333333333333
21.07488591446125 -3.659615533584666 3.566666666666667
21.6 -1.5871422516949698e-14 3.6
21.46880901566614 3.7280195622497696 3.6333333333333333
20.67323765728999 7.070663706551914 3.6666666666666665
19.22576396401451 9.612881982007291 3.7
17.15939552586513 11.029846833736723 3.7333333333333334
14.526999978915821 11.128327609037958 3.7666666666666666
11.399999999999968 9.872689603142582 3.8
7.866463296490427 7.392057511395241 3.8333333333333335
4.028637721872839 3.9674336625778093 3.8666666666666667
-2.2939872226934616e-14 -2.2939872226934616e-14 3.9
-4.098096992939574 -4.035837691242908 3.933333333333333
-8.14007941115085 -7.6491725552697645 3.966666666666667
-12.000000000000007 -10.392304845413268 4
-15.555460154414256 -11.916173811447718 4.033333333333333
-18.691484412103062 -12.01465458674894 4.066666666666666
-21.30422493309719 -10.652112466548598 4.1
-23.304376995490525 -7.9705663601130965 4.133333333333334
-24.620193825305197 -4.2752517915708745 4.166666666666667
-25.2 -2.1602769536959308e-14 4.2
-25.014116926510088 4.343655820235967 4.233333333333333
-24.056131092119266 8.22768140398768 4.266666666666667
-22.343455417638538 11.17172770881924 4.3
-19.917155521093456 12.802500789158698 4.333333333333333
-16.841035373787367 12.900981564459933 4.366666666666666
-13.200000000000045 11.431535329954617 4.4
-9.097735812462757 8.549075208830947 4.433333333333334
-4.6537711614737995 4.583069920564023 4.466666666666667
2.316253698107286e-14 -2.316253698107286e-14 4.5
4.723230432540523 -4.651473949229111 4.533333333333333
9.371351927123243 -8.806190252705523 4.566666666666666
13.800000000000006 -11.951150572225256 4.6
17.869495549285794 -13.688827766869693 4.633333333333334
21.44924440733132 -13.787308542170932 4.666666666666667
24.421916386721165 -12.21095819336059 4.7
26.687270430319792 -9.127584057548871 4.733333333333333
28.165501736149167 -4.890888049556988 4.766666666666667
28.8 -2.821586225235502e-14 4.8
28.55942483735404 4.959292078222165 4.833333333333333
27.439024526948504 9.384699101423523 4.866666666666666
25.46114687126252 12.730573435631223 4.9
22.674915516321786 14.57515474458067 4.933333333333334
19.155070768658838 14.673635519881891 4.966666666666667
15.000000000000057 12.99038105676661 5
10.329008328435263 9.7060929062668 5.033333333333333
5.278904601074654 5.198706178550137 5.066666666666666
8.620958253147033e-14 8.620958253147033e-14 5.1
-5.348363872141471 -5.267110207215315 5.133333333333334
-10.60262444309574 -9.963207950141369 5.166666666666667
-15.599999999999907 -13.50999629903719 5.2
-20.183530944157333 -15.461481722291666 5.233333333333333
-24.207004402559704 -15.55996249759289 5.266666666666667
-27.539607840345084 -13.76980392017264 5.3
-30.070163865149063 -10.284601754984648 5.333333333333333
-31.7108096469931 -5.506524307543295 5.366666666666666
-32.4 -1.5081862385627305e-13 5.4
-32.10473274819799 5.574928336208361 5.433333333333334
-30.821917961777807 10.541716798859206 5.466666666666667
-28.578838324886444 14.289419162443266 5.5
-25.432675511550112 16.34780870000264 5.533333333333333
-21.469106163530466 16.446289475303885 5.566666666666666
-16.799999999999965 14.54922678357855 5.6
-11.560280844407682 10.86311060370258 5.633333333333334
-5.904038040675724 5.814342436536456 5.666666666666667
2.0962629403191065e-14 -2.0962629403191065e-14 5.7
5.973497311742297 -5.8827464652014 5.733333333333333
11.833896959068145 -11.120225647577136 5.766666666666667
17.4 -15.06884202584923 5.8
22.497566339028776 -17.23413567771362 5.833333333333333
26.96476439778802 -17.332616453014868 5.866666666666666
30.657299293969118 -15.328649646984577 5.9
33.45305729997828 -11.44161945242052 5.933333333333334
35.256117557837044 -6.122160565529504 5.966666666666667
